6b0:	01 01 01 01  01 01 01 01    01 01 01 01  01 01 01 01
6c0:	01 01 01 01  01 01 01 01    01 01 01 01  01 01 01 01
6d0:	01 01 01 01  01 01 01 01    01 01 01 01  01 01 01 01
6e0:	01 01 01 01  01 01 01 01    01 01 01 01  01 01 01 01
6f0:	01 01 01 01  01 01 01 01    01 01 01 01  01 01 01 01
700:	00 00 00 00  00 00 00 00    00 00 00 00  00 00 00 00
710:	00 00 00 00  00 00 00 00    00 00 00 00  00 00 00 00
720:	00 00 00 00  00 00 00 00    00 00 00 00  00 00 00 00
730:	00 00 00 00  00 00 00 00    00 00 00 00  00 00 00 00
740:	00 00 00 00  00 00 00 00    00 00 00 00  00 00 00 00
750:	00 00 00 00  00 00 00 00    00 00 00 00  00 00 00 00
760:	00 00 00 00  00 00 00 00    00 00 00 00  00 00 00 00
770:	00 00 00 00  00 00 00 00    00 00 00 00  00 00 00 00
780:	01 01 01 01  01 01 01 01    01 01 01 01  01 01 01 01
790:	01 01 01 01  01 01 01 01    01 01 01 01  01 01 01 01
7a0:	01 01 01 01  01 01 01 01    01 01 01 01  01 01 01 01
7b0:	01 01 01 01  01 01 01 01    01 01 01 01  01 01 01 01
7c0:	01 01 01 01  01 01 01 01    01 01 01 01  01 01 01 01
7d0:	01 01 01 01  01 01 01 01    01 01 01 01  01 01 01 01
7e0:	01 01 01 01  01 01 01 01    01 01 01 01  01 01 01 01
7f0:	01 01 01 01  01 01 01 01    01 01 01 01  01 01 01 01